image: mapa_dobra.png
resolution: 0.005
origin: [-0.200000, -0.200000, 0.000000]
negate: 0
occupied_thresh: 0.65
free_thresh: 0.25
